repo_language,2020-01-31,2020-04-30,2020-07-31,2020-10-31,2021-01-31,2021-04-30,2021-07-31,2021-10-31,2022-01-31,2022-04-30,2022-07-31,2022-10-31,2023-01-31
Python,30,32,32,34,35,35,35,36,36,37,38,38,38
C++,32,33,33,33,33,34,34,34,34,34,34,34,34
TypeScript,24,26,27,29,29,29,31,32,33,33,33,33,33
JavaScript,20,21,24,24,25,26,26,26,27,28,28,28,28
Go,22,23,23,25,25,25,26,26,26,26,26,26,26
Java,17,20,21,22,23,23,23,23,23,24,24,24,24
C#,12,13,14,14,14,14,14,14,14,14,14,14,14
C,11,13,13,13,13,13,13,13,13,13,13,13,13
HTML,7,7,8,9,9,9,9,9,9,9,10,10,10
PHP,8,8,8,8,8,8,8,8,8,8,8,8,8
Shell,6,6,6,6,6,6,6,6,6,7,7,7,7
Rust,5,5,5,5,5,6,7,7,7,7,7,7,7
Ruby,4,4,4,4,4,5,5,5,5,5,5,5,5
PowerShell,4,5,5,5,5,5,5,5,5,5,5,5,5
Kotlin,2,2,2,4,4,4,4,4,4,4,4,4,4
Dart,2,2,2,2,2,2,2,2,3,3,3,3,3
Julia,2,2,2,2,2,2,2,2,2,2,2,2,2
Markdown,0,0,1,2,2,2,2,2,2,2,2,2,2
Rich Text Format,1,1,1,1,1,2,2,2,2,2,2,2,2
Scala,2,1,1,1,1,1,1,1,1,1,1,1,1
Clojure,1,2,2,2,2,2,2,2,2,2,2,2,2
DM,1,2,2,2,2,2,2,2,2,2,2,2,2
Nix,1,1,1,1,1,1,1,1,1,1,1,1,1
Objective-C,1,1,1,1,1,1,1,1,1,1,1,1,1
Groovy,1,1,1,1,1,1,1,1,1,1,1,1,1
Zig,1,1,1,1,1,1,1,1,1,1,1,1,1
Lean,1,1,1,1,1,1,1,1,1,1,1,1,1
SCSS,0,0,0,1,1,1,1,1,1,1,1,1,1
Haxe,0,0,0,0,0,1,1,1,1,1,1,1,1
CSS,0,0,0,0,0,0,0,0,1,1,1,1,1
Mustache,1,1,1,1,1,1,1,1,1,1,1,1,1
CMake,1,1,1,1,1,1,1,1,1,1,1,1,1
Lua,0,0,1,1,1,1,1,1,1,1,1,1,1
Inno Setup,0,0,0,0,0,0,0,0,1,1,1,1,1
Vim script,1,1,1,1,1,1,1,1,1,1,1,1,1
Vue,0,0,1,1,1,1,1,1,1,1,1,1,1
CodeQL,1,1,1,1,1,1,1,1,1,1,1,1,1
Tcl,1,1,1,1,1,1,1,1,1,1,1,1,1
